dy F4_y1 F4_y2 F4_z1 F4_z2 F2_y1 F2_y2 F2_z1 F2_z2
-2.0000e-01 -1.0415e+00 -5.5224e-01 -1.2361e-01 -1.7703e-01 -1.0862e-01 -3.8581e-02 -2.0742e-02 -6.2802e-02
-1.9000e-01 -6.8109e-01 -3.3772e-01 -1.0916e-01 -1.5981e-01 -8.0710e-02 -1.8276e-02 -9.0216e-03 -5.2763e-02
-1.8000e-01 -2.4499e-01 -3.7263e-02 -7.2472e-02 -1.1786e-01 -2.0959e-02 +1.9846e-02 +1.1609e-02 +3.8687e-02
-1.7000e-01 +1.5683e-01 +2.9596e-01 -9.2087e-03 -4.1876e-02 +5.0028e-02 +6.1353e-02 +4.7990e-02 +7.1313e-02
-1.6000e-01 +5.0481e-01 +5.8108e-01 +7.1536e-02 +3.6488e-02 +9.9395e-02 +1.2888e-01 +4.0267e-02 +9.4846e-02
-1.5000e-01 +7.3568e-01 +7.9252e-01 +1.5467e-01 +1.3328e-01 +1.3603e-01 +1.6676e-01 +7.4405e-02 +6.8311e-02
-1.4000e-01 +8.6017e-01 +8.1047e-01 +2.3725e-01 +2.2843e-01 +1.7198e-01 +1.8034e-01 +1.0496e-01 +5.9064e-02
-1.3000e-01 +8.8575e-01 +6.8234e-01 +2.8136e-01 +3.0226e-01 +1.7448e-01 +1.6438e-01 +8.3045e-02 +6.8691e-02
-1.2000e-01 +7.7880e-01 +4.1318e-01 +2.4488e-01 +3.6438e-01 +1.2780e-01 +1.0752e-01 +9.6296e-02 +7.7827e-02
-1.1000e-01 +5.6722e-01 +2.1393e-01 +2.1966e-01 +3.8261e-01 +7.6325e-02 +5.2525e-02 +9.5929e-02 +9.1937e-02
-1.0000e-01 +1.9928e-01 +5.4381e-02 +1.4716e-01 +3.2928e-01 +1.6222e-02 -1.9540e-02 +4.4309e-02 +6.7074e-02
-9.0000e-02 -1.6094e-01 -1.9497e-01 +6.5465e-02 +2.6655e-01 -5.6621e-02 -6.5875e-02 +6.2434e-03 +3.9867e-02
-8.0000e-02 -5.8146e-01 -6.0439e-01 -1.9276e-04 +2.1179e-01 -1.5971e-01 -1.5266e-01 +3.8171e-02 +4.1932e-02
-7.0000e-02 -1.0083e+00 -1.0596e+00 -4.3349e-02 +1.3867e-01 -2.1849e-01 -1.9241e-01 -1.4500e-02 +2.5315e-02
-6.0000e-02 -1.3573e+00 -1.4975e+00 -7.7681e-02 +9.0056e-02 -2.4738e-01 -2.2167e-01 -2.6871e-02 -1.6412e-03
-5.0000e-02 -1.5290e+00 -1.7253e+00 -1.0554e-01 +4.0317e-02 -2.6925e-01 -2.3546e-01 -3.6328e-02 -3.0492e-02
-4.0000e-02 -1.4633e+00 -1.8462e+00 -1.1687e-01 -5.1535e-03 -2.6057e-01 -2.2455e-01 -4.0701e-02 -3.1471e-02
-3.0000e-02 -1.2210e+00 -1.6316e+00 -1.1317e-01 -3.7986e-02 -1.9620e-01 -1.7174e-01 -3.8999e-02 -3.1732e-02
-2.0000e-02 -7.6123e-01 -1.2518e+00 -8.9864e-02 -7.0901e-02 -1.3564e-01 -1.0832e-01 -2.9407e-02 -3.0802e-02
-1.0000e-02 -2.6336e-01 -7.1896e-01 -4.9150e-02 -8.8547e-02 -5.1497e-02 -4.4643e-02 +1.2475e-02 -1.2718e-02
+0.0000e+00 +2.2957e-01 -1.3221e-01 +3.5003e-02 -9.1872e-02 +3.9596e-02 +5.0210e-02 +2.2760e-02 -2.2350e-03
+1.0000e-02 +6.8961e-01 +4.2194e-01 +1.3977e-01 -4.7231e-02 +1.1997e-01 +1.0929e-01 +3.5592e-02 +2.6404e-02
+2.0000e-02 +1.0693e+00 +9.2072e-01 +2.7218e-01 +2.0575e-02 +1.9625e-01 +1.5926e-01 +4.2510e-02 +4.7243e-02
+3.0000e-02 +1.2789e+00 +1.2859e+00 +4.1076e-01 +9.3554e-02 +2.2401e-01 +1.9159e-01 +2.4070e-02 +6.3394e-02
+4.0000e-02 +1.2559e+00 +1.5361e+00 +3.9502e-01 +1.8553e-01 +2.3411e-01 +2.1173e-01 +3.2579e-02 +7.8401e-02
+5.0000e-02 +1.2244e+00 +1.5860e+00 +4.2468e-01 +2.4880e-01 +2.0696e-01 +1.7857e-01 +3.1415e-02 +1.0158e-01
+6.0000e-02 +9.5036e-01 +1.4571e+00 +2.7125e-01 +2.6582e-01 +1.5833e-01 +1.4673e-01 +5.1327e-02 +7.6036e-02
+7.0000e-02 +6.4123e-01 +1.2817e+00 +3.5640e-01 +1.9766e-01 +9.7285e-02 +8.7752e-02 +4.5539e-02 +6.9455e-02
+8.0000e-02 +2.1391e-01 +8.5893e-01 +2.2841e-01 +1.2496e-01 +2.1076e-02 +1.6387e-02 +3.4692e-02 +4.3613e-02
+9.0000e-02 -2.8754e-01 +3.5137e-01 +1.1779e-01 +3.3117e-02 -4.5239e-02 -3.7004e-02 +2.3457e-02 +2.5828e-02
+1.0000e-01 -9.4576e-01 -2.5707e-01 +4.3581e-02 -2.2909e-02 -9.8116e-02 -1.0713e-01 -1.2567e-02 +2.5334e-04
+1.1000e-01 -1.6728e+00 -8.9492e-01 -1.4666e-02 -4.6941e-02 -1.3514e-01 -1.7689e-01 -7.1035e-02 -1.0409e-02
+1.2000e-01 -2.3455e+00 -1.5115e+00 -4.7110e-02 -5.6830e-02 -1.9132e-01 -1.9541e-01 -8.9901e-02 -2.9567e-02
+1.3000e-01 -2.6094e+00 -1.9943e+00 -7.1310e-02 -5.4957e-02 -2.3137e-01 -2.0567e-01 -7.5149e-02 -2.6197e-02
+1.4000e-01 -2.5991e+00 -2.2574e+00 -8.4647e-02 -5.2112e-02 -2.2597e-01 -1.9523e-01 -3.7586e-02 -2.9570e-02
+1.5000e-01 -2.2234e+00 -2.1833e+00 -9.0899e-02 -5.1497e-02 -2.2155e-01 -1.8084e-01 -1.6389e-02 -1.9006e-02
+1.6000e-01 -1.5241e+00 -1.7595e+00 -9.7217e-02 -3.5240e-02 -1.7714e-01 -1.4864e-01 -5.4114e-03 -1.1514e-02
+1.7000e-01 -8.0563e-01 -1.1751e+00 -7.7682e-02 -2.1244e-02 -1.1301e-01 -9.7990e-02 -1.9587e-03 +6.9961e-03
+1.8000e-01 -1.9463e-01 -5.2513e-01 -4.3604e-02 +6.6168e-03 -1.7154e-02 -4.2731e-02 +7.8736e-03 +6.0580e-03
+1.9000e-01 +2.0851e-01 +8.2220e-02 +2.0354e-02 +7.3573e-02 +1.6412e-02 +3.3569e-02 +1.9645e-02 +1.7279e-02
+2.0000e-01 +4.3666e-01 +6.0106e-01 +8.9225e-02 +1.4411e-01 +5.2443e-02 +3.6727e-02 +6.0775e-02 +3.2612e-02
