time duty_50 duty_70 duty_100
+0.0000e+00 +4.0000e+00 +2.0000e+00 +0.0000e+00
+4.2084e-03 +4.2614e+00 +2.2614e+00 +2.6135e-01
+8.4168e-03 +4.5045e+00 +2.5045e+00 +5.0454e-01
+1.2625e-02 +4.7126e+00 +2.7126e+00 +7.1265e-01
+1.6834e-02 +4.8712e+00 +2.8712e+00 +8.7122e-01
+2.1042e-02 +4.9692e+00 +2.9692e+00 +9.6924e-01
+2.5251e-02 +4.9999e+00 +2.9999e+00 +9.9988e-01
+2.9459e-02 +4.9610e+00 +2.9610e+00 +9.6101e-01
+3.3667e-02 +4.8553e+00 +2.8553e+00 +8.5534e-01
+3.7876e-02 +4.6902e+00 +2.6902e+00 +6.9022e-01
+4.2084e-02 +4.4771e+00 +2.4771e+00 +4.7711e-01
+4.6293e-02 +4.2308e+00 +2.2308e+00 +2.3084e-01
+5.0501e-02 +3.9685e+00 +1.9685e+00 -3.1474e-02
+5.4709e-02 +3.7084e+00 +1.7084e+00 -2.9160e-01
+5.8918e-02 +3.4685e+00 +1.4685e+00 -5.3146e-01
+6.3126e-02 +3.2656e+00 +1.2656e+00 -7.3438e-01
+6.7335e-02 +3.1138e+00 +1.1138e+00 -8.8624e-01
+7.1543e-02 +3.0235e+00 +1.0235e+00 -9.7650e-01
+7.5752e-02 +3.0011e+00 +1.0011e+00 -9.9889e-01
+7.9960e-02 +3.0482e+00 +1.0482e+00 -9.5183e-01
+8.4168e-02 +3.1614e+00 +1.1614e+00 -8.3861e-01
+8.8377e-02 +3.3329e+00 +1.3329e+00 -6.6710e-01
+9.2585e-02 +3.5508e+00 +1.5508e+00 -4.4922e-01
+9.6794e-02 +3.7999e+00 +1.7999e+00 -2.0010e-01
+1.0100e-01 +4.0629e+00 +2.0629e+00 +6.2916e-02
+1.0521e-01 +4.3216e+00 +2.3216e+00 +3.2156e-01
+1.0942e-01 +4.5579e+00 +2.5579e+00 +5.5786e-01
+1.1363e-01 +4.7554e+00 +2.7554e+00 +7.5537e-01
+1.1784e-01 +4.9004e+00 +2.9004e+00 +9.0038e-01
+1.2204e-01 +4.9828e+00 +2.9828e+00 +9.8280e-01
+1.2625e-01 +4.9969e+00 +2.9969e+00 +9.9690e-01
+1.3046e-01 +4.9417e+00 +2.9417e+00 +9.4171e-01
+1.3467e-01 +4.8211e+00 +2.8211e+00 +8.2105e-01
+1.3888e-01 +4.6433e+00 +2.6433e+00 +6.4332e-01
+1.4309e-01 +4.4209e+00 +2.4209e+00 +4.2087e-01
+1.4729e-01 +4.1692e+00 +2.1692e+00 +1.6917e-01
+1.5150e-01 +3.9057e+00 +1.9057e+00 -9.4296e-02
+1.5571e-01 +3.6488e+00 +1.6488e+00 -3.5121e-01
+1.5992e-01 +3.4163e+00 +1.4163e+00 -5.8370e-01
+1.6413e-01 +3.2244e+00 +1.2244e+00 -7.7562e-01
+1.6834e-01 +3.0864e+00 +1.0864e+00 -9.1363e-01
+1.7255e-01 +3.0119e+00 +1.0119e+00 -9.8813e-01
+1.7675e-01 +3.0061e+00 +1.0061e+00 -9.9394e-01
+1.8096e-01 +3.0693e+00 +1.0693e+00 -9.3065e-01
+1.8517e-01 +3.1973e+00 +1.1973e+00 -8.0268e-01
+1.8938e-01 +3.3811e+00 +1.3811e+00 -6.1891e-01
+1.9359e-01 +3.6079e+00 +1.6079e+00 -3.9212e-01
+1.9780e-01 +3.8619e+00 +1.8619e+00 -1.3806e-01
+2.0200e-01 +4.1256e+00 +2.1256e+00 +1.2558e-01
+2.0621e-01 +4.3805e+00 +2.3805e+00 +3.8050e-01
+2.1042e-01 +4.6090e+00 +2.6090e+00 +6.0897e-01
+2.1463e-01 +4.7951e+00 +2.7951e+00 +7.9511e-01
+2.1884e-01 +4.9260e+00 +2.9260e+00 +9.2597e-01
+2.2305e-01 +4.9925e+00 +2.9925e+00 +9.9247e-01
+2.2725e-01 +4.9900e+00 +2.9900e+00 +9.8998e-01
+2.3146e-01 +4.9187e+00 +2.9187e+00 +9.1868e-01
+2.3567e-01 +4.7835e+00 +2.7835e+00 +7.8351e-01
+2.3988e-01 +4.5939e+00 +2.5939e+00 +5.9388e-01
+2.4409e-01 +4.3630e+00 +2.3630e+00 +3.6297e-01
+2.4830e-01 +4.1068e+00 +2.1068e+00 +1.0682e-01
+2.5251e-01 +3.8433e+00 +1.8433e+00 -1.5675e-01
+2.5671e-01 +3.5906e+00 +1.5906e+00 -4.0942e-01
+2.6092e-01 +3.3664e+00 +1.3664e+00 -6.3363e-01
+2.6513e-01 +3.1862e+00 +1.1862e+00 -8.1380e-01
+2.6934e-01 +3.0626e+00 +1.0626e+00 -9.3740e-01
+2.7355e-01 +3.0042e+00 +1.0042e+00 -9.9584e-01
+2.7776e-01 +3.0150e+00 +1.0150e+00 -9.8505e-01
+2.8196e-01 +3.0942e+00 +1.0942e+00 -9.0579e-01
+2.8617e-01 +3.2364e+00 +1.2364e+00 -7.6357e-01
+2.9038e-01 +3.4317e+00 +1.4317e+00 -5.6826e-01
+2.9459e-01 +3.6665e+00 +1.6665e+00 -3.3346e-01
+2.9880e-01 +3.9245e+00 +1.9245e+00 -7.5477e-02
+3.0301e-01 +4.1878e+00 +2.1878e+00 +1.8775e-01
+3.0721e-01 +4.4379e+00 +2.4379e+00 +4.3793e-01
+3.1142e-01 +4.6577e+00 +2.6577e+00 +6.5767e-01
+3.1563e-01 +4.8317e+00 +2.8317e+00 +8.3169e-01
+3.1984e-01 +4.9479e+00 +2.9479e+00 +9.4790e-01
+3.2405e-01 +4.9982e+00 +2.9982e+00 +9.9821e-01
+3.2826e-01 +4.9791e+00 +2.9791e+00 +9.7914e-01
+3.3246e-01 +4.8920e+00 +2.8920e+00 +8.9200e-01
+3.3667e-01 +4.7429e+00 +2.7429e+00 +7.4286e-01
+3.4088e-01 +4.5421e+00 +2.5421e+00 +5.4208e-01
+3.4509e-01 +4.3036e+00 +2.3036e+00 +3.0362e-01
+3.4930e-01 +4.0441e+00 +2.0441e+00 +4.4056e-02
+3.5351e-01 +3.7814e+00 +1.7814e+00 -2.1857e-01
+3.5772e-01 +3.5340e+00 +1.5340e+00 -4.6601e-01
+3.6192e-01 +3.3189e+00 +1.3189e+00 -6.8105e-01
+3.6613e-01 +3.1512e+00 +1.1512e+00 -8.4875e-01
+3.7034e-01 +3.0425e+00 +1.0425e+00 -9.5745e-01
+3.7455e-01 +3.0004e+00 +1.0004e+00 -9.9960e-01
+3.7876e-01 +3.0277e+00 +1.0277e+00 -9.7226e-01
+3.8297e-01 +3.1227e+00 +1.1227e+00 -8.7734e-01
+3.8717e-01 +3.2786e+00 +1.2786e+00 -7.2143e-01
+3.9138e-01 +3.4846e+00 +1.4846e+00 -5.1537e-01
+3.9559e-01 +3.7265e+00 +1.7265e+00 -2.7348e-01
+3.9980e-01 +3.9874e+00 +1.9874e+00 -1.2591e-02
+4.0401e-01 +4.2492e+00 +2.2492e+00 +2.4918e-01
+4.0822e-01 +4.4936e+00 +2.4936e+00 +4.9363e-01
+4.1242e-01 +4.7038e+00 +2.7038e+00 +7.0376e-01
+4.1663e-01 +4.8650e+00 +2.8650e+00 +8.6497e-01
+4.2084e-01 +4.9661e+00 +2.9661e+00 +9.6606e-01
+4.2505e-01 +5.0000e+00 +3.0000e+00 +1.0000e+00
+4.2926e-01 +4.9644e+00 +2.9644e+00 +9.6442e-01
+4.3347e-01 +4.8618e+00 +2.8618e+00 +8.6180e-01
+4.3768e-01 +4.6993e+00 +2.6993e+00 +6.9927e-01
+4.4188e-01 +4.4881e+00 +2.4881e+00 +4.8814e-01
+4.4609e-01 +4.2431e+00 +2.2431e+00 +2.4308e-01
+4.5030e-01 +3.9811e+00 +1.9811e+00 -1.8886e-02
+4.5451e-01 +3.7205e+00 +1.7205e+00 -2.7954e-01
+4.5872e-01 +3.4792e+00 +1.4792e+00 -5.2075e-01
+4.6293e-01 +3.2742e+00 +1.2742e+00 -7.2577e-01
+4.6713e-01 +3.1197e+00 +1.1197e+00 -8.8034e-01
+4.7134e-01 +3.0263e+00 +1.0263e+00 -9.7371e-01
+4.7555e-01 +3.0006e+00 +1.0006e+00 -9.9940e-01
+4.7976e-01 +3.0444e+00 +1.0444e+00 -9.5562e-01
+4.8397e-01 +3.1546e+00 +1.1546e+00 -8.4541e-01
+4.8818e-01 +3.3236e+00 +1.3236e+00 -6.7643e-01
+4.9238e-01 +3.5396e+00 +1.5396e+00 -4.6043e-01
+4.9659e-01 +3.7876e+00 +1.7876e+00 -2.1243e-01
+5.0080e-01 +4.0000e+00 +2.0503e+00 +5.0345e-02
+5.0501e-01 +4.0000e+00 +2.3096e+00 +3.0962e-01
+5.0922e-01 +4.0000e+00 +2.5474e+00 +5.4736e-01
+5.1343e-01 +4.0000e+00 +2.7471e+00 +7.4706e-01
+5.1764e-01 +4.0000e+00 +2.8948e+00 +8.9483e-01
+5.2184e-01 +4.0000e+00 +2.9804e+00 +9.8040e-01
+5.2605e-01 +4.0000e+00 +2.9978e+00 +9.9782e-01
+5.3026e-01 +4.0000e+00 +2.9459e+00 +9.4587e-01
+5.3447e-01 +4.0000e+00 +2.8282e+00 +8.2818e-01
+5.3868e-01 +4.0000e+00 +2.6529e+00 +6.5291e-01
+5.4289e-01 +4.0000e+00 +2.4323e+00 +4.3226e-01
+5.4709e-01 +4.0000e+00 +2.1816e+00 +1.8156e-01
+5.5130e-01 +4.0000e+00 +1.9182e+00 -8.1754e-02
+5.5551e-01 +4.0000e+00 +1.6606e+00 -3.3939e-01
+5.5972e-01 +4.0000e+00 +1.4266e+00 -5.7343e-01
+5.6393e-01 +4.0000e+00 +1.2324e+00 -7.6762e-01
+5.6814e-01 +4.0000e+00 +1.0916e+00 -9.0844e-01
+5.7234e-01 +4.0000e+00 +1.0139e+00 -9.8611e-01
+5.7655e-01 +4.0000e+00 +1.0048e+00 -9.9524e-01
+5.8076e-01 +4.0000e+00 +1.0648e+00 -9.3519e-01
+5.8497e-01 +4.0000e+00 +1.1899e+00 -8.1013e-01
+5.8918e-01 +4.0000e+00 +1.3713e+00 -6.2875e-01
+5.9339e-01 +4.0000e+00 +1.5963e+00 -4.0367e-01
+5.9760e-01 +4.0000e+00 +1.8495e+00 -1.5052e-01
+6.0180e-01 +4.0000e+00 +2.1131e+00 +1.1308e-01
+6.0601e-01 +4.0000e+00 +2.3688e+00 +3.6883e-01
+6.1022e-01 +4.0000e+00 +2.5989e+00 +5.9893e-01
+6.1443e-01 +4.0000e+00 +2.7874e+00 +7.8741e-01
+6.1864e-01 +4.0000e+00 +2.9211e+00 +9.2115e-01
+6.2285e-01 +4.0000e+00 +2.9909e+00 +9.9085e-01
+6.2705e-01 +4.0000e+00 +2.9917e+00 +9.9168e-01
+6.3126e-01 +4.0000e+00 +2.9236e+00 +9.2358e-01
+6.3547e-01 +4.0000e+00 +2.7913e+00 +7.9127e-01
+6.3968e-01 +4.0000e+00 +2.6040e+00 +6.0396e-01
+6.4389e-01 +4.0000e+00 +2.3747e+00 +3.7467e-01
+6.4810e-01 +4.0000e+00 +2.1193e+00 +1.1933e-01
+6.5230e-01 +4.0000e+00 +1.8557e+00 -1.4430e-01
+6.5651e-01 +4.0000e+00 +1.6021e+00 -3.9790e-01
+6.6072e-01 +4.0000e+00 +1.3762e+00 -6.2384e-01
+6.6493e-01 +4.0000e+00 +1.1936e+00 -8.0642e-01
+6.6914e-01 +4.0000e+00 +1.0671e+00 -9.3294e-01
+6.7335e-01 +4.0000e+00 +1.0054e+00 -9.9461e-01
+6.7756e-01 +4.0000e+00 +1.0129e+00 -9.8714e-01
+6.8176e-01 +4.0000e+00 +1.0889e+00 -9.1105e-01
+6.8597e-01 +4.0000e+00 +1.2284e+00 -7.7164e-01
+6.9018e-01 +4.0000e+00 +1.4214e+00 -5.7858e-01
+6.9439e-01 +4.0000e+00 +1.6547e+00 -3.4530e-01
+6.9860e-01 +4.0000e+00 +1.9120e+00 -8.8027e-02
+7.0281e-01 +4.0000e+00 +2.0000e+00 +1.7537e-01
+7.0701e-01 +4.0000e+00 +2.0000e+00 +4.2658e-01
+7.1122e-01 +4.0000e+00 +2.0000e+00 +6.4813e-01
+7.1543e-01 +4.0000e+00 +2.0000e+00 +8.2463e-01
+7.1964e-01 +4.0000e+00 +2.0000e+00 +9.4381e-01
+7.2385e-01 +4.0000e+00 +2.0000e+00 +9.9738e-01
+7.2806e-01 +4.0000e+00 +2.0000e+00 +9.8162e-01
+7.3226e-01 +4.0000e+00 +2.0000e+00 +8.9763e-01
+7.3647e-01 +4.0000e+00 +2.0000e+00 +7.5123e-01
+7.4068e-01 +4.0000e+00 +2.0000e+00 +5.5262e-01
+7.4489e-01 +4.0000e+00 +2.0000e+00 +3.1560e-01
+7.4910e-01 +4.0000e+00 +2.0000e+00 +5.6632e-02
+7.5331e-01 +4.0000e+00 +2.0000e+00 -2.0627e-01
+7.5752e-01 +4.0000e+00 +2.0000e+00 -4.5483e-01
+7.6172e-01 +4.0000e+00 +2.0000e+00 -6.7178e-01
+7.6593e-01 +4.0000e+00 +2.0000e+00 -8.4203e-01
+7.7014e-01 +4.0000e+00 +2.0000e+00 -9.5374e-01
+7.7435e-01 +4.0000e+00 +2.0000e+00 -9.9916e-01
+7.7856e-01 +4.0000e+00 +2.0000e+00 -9.7513e-01
+7.8277e-01 +4.0000e+00 +2.0000e+00 -8.8331e-01
+7.8697e-01 +4.0000e+00 +2.0000e+00 -7.3009e-01
+7.9118e-01 +4.0000e+00 +2.0000e+00 -5.2612e-01
+7.9539e-01 +4.0000e+00 +2.0000e+00 -2.8557e-01
+7.9960e-01 +4.0000e+00 +2.0000e+00 -2.5180e-02
+8.0381e-01 +4.0000e+00 +2.0000e+00 +2.3696e-01
+8.0802e-01 +4.0000e+00 +2.0000e+00 +4.8264e-01
+8.1222e-01 +4.0000e+00 +2.0000e+00 +6.9476e-01
+8.1643e-01 +4.0000e+00 +2.0000e+00 +8.5859e-01
+8.2064e-01 +4.0000e+00 +2.0000e+00 +9.6273e-01
+8.2485e-01 +4.0000e+00 +2.0000e+00 +9.9996e-01
+8.2906e-01 +4.0000e+00 +2.0000e+00 +9.6767e-01
+8.3327e-01 +4.0000e+00 +2.0000e+00 +8.6812e-01
+8.3747e-01 +4.0000e+00 +2.0000e+00 +7.0822e-01
+8.4168e-01 +4.0000e+00 +2.0000e+00 +4.9909e-01
+8.4589e-01 +4.0000e+00 +2.0000e+00 +2.5527e-01
+8.5010e-01 +4.0000e+00 +2.0000e+00 -6.2957e-03
+8.5431e-01 +4.0000e+00 +2.0000e+00 -2.6742e-01
+8.5852e-01 +4.0000e+00 +2.0000e+00 -5.0996e-01
+8.6273e-01 +4.0000e+00 +2.0000e+00 -7.1705e-01
+8.6693e-01 +4.0000e+00 +2.0000e+00 -8.7430e-01
+8.7114e-01 +4.0000e+00 +2.0000e+00 -9.7077e-01
+8.7535e-01 +4.0000e+00 +2.0000e+00 -9.9976e-01
+8.7956e-01 +4.0000e+00 +2.0000e+00 -9.5925e-01
+8.8377e-01 +4.0000e+00 +2.0000e+00 -8.5206e-01
+8.8798e-01 +4.0000e+00 +2.0000e+00 -6.8565e-01
+8.9218e-01 +4.0000e+00 +2.0000e+00 -4.7157e-01
+8.9639e-01 +4.0000e+00 +2.0000e+00 -2.2471e-01
+9.0060e-01 +4.0000e+00 +2.0000e+00 +3.7766e-02
+9.0481e-01 +4.0000e+00 +2.0000e+00 +2.9762e-01
+9.0902e-01 +4.0000e+00 +2.0000e+00 +5.3678e-01
+9.1323e-01 +4.0000e+00 +2.0000e+00 +7.3863e-01
+9.1743e-01 +4.0000e+00 +2.0000e+00 +8.8914e-01
+9.2164e-01 +4.0000e+00 +2.0000e+00 +9.7784e-01
+9.2585e-01 +4.0000e+00 +2.0000e+00 +9.9857e-01
+9.3006e-01 +4.0000e+00 +2.0000e+00 +9.4988e-01
+9.3427e-01 +4.0000e+00 +2.0000e+00 +8.3517e-01
+9.3848e-01 +4.0000e+00 +2.0000e+00 +6.6240e-01
+9.4269e-01 +4.0000e+00 +2.0000e+00 +4.4358e-01
+9.4689e-01 +4.0000e+00 +2.0000e+00 +1.9393e-01
+9.5110e-01 +4.0000e+00 +2.0000e+00 -6.9198e-02
+9.5531e-01 +4.0000e+00 +2.0000e+00 -3.2752e-01
+9.5952e-01 +4.0000e+00 +2.0000e+00 -5.6307e-01
+9.6373e-01 +4.0000e+00 +2.0000e+00 -7.5949e-01
+9.6794e-01 +4.0000e+00 +2.0000e+00 -9.0310e-01
+9.7214e-01 +4.0000e+00 +2.0000e+00 -9.8395e-01
+9.7635e-01 +4.0000e+00 +2.0000e+00 -9.9639e-01
+9.8056e-01 +4.0000e+00 +2.0000e+00 -9.3957e-01
+9.8477e-01 +4.0000e+00 +2.0000e+00 -8.1744e-01
+9.8898e-01 +4.0000e+00 +2.0000e+00 -6.3849e-01
+9.9319e-01 +4.0000e+00 +2.0000e+00 -4.1515e-01
+9.9739e-01 +4.0000e+00 +2.0000e+00 -1.6296e-01
+1.0016e+00 +4.1006e+00 +2.1006e+00 +1.0056e-01
+1.0058e+00 +4.3571e+00 +2.3571e+00 +3.5709e-01
+1.0100e+00 +4.5888e+00 +2.5888e+00 +5.8880e-01
+1.0142e+00 +4.7796e+00 +2.7796e+00 +7.7958e-01
+1.0184e+00 +4.9162e+00 +2.9162e+00 +9.1617e-01
+1.0226e+00 +4.9891e+00 +2.9891e+00 +9.8908e-01
+1.0269e+00 +4.9932e+00 +2.9932e+00 +9.9322e-01
+1.0311e+00 +4.9283e+00 +2.9283e+00 +9.2833e-01
+1.0353e+00 +4.7989e+00 +2.7989e+00 +7.9891e-01
+1.0395e+00 +4.6140e+00 +2.6140e+00 +6.1395e-01
+1.0437e+00 +4.3863e+00 +2.3863e+00 +3.8632e-01
+1.0479e+00 +4.1318e+00 +2.1318e+00 +1.3183e-01
+1.0521e+00 +3.8682e+00 +1.8682e+00 -1.3183e-01
+1.0563e+00 +3.6137e+00 +1.6137e+00 -3.8632e-01
+1.0605e+00 +3.3860e+00 +1.3860e+00 -6.1395e-01
+1.0647e+00 +3.2011e+00 +1.2011e+00 -7.9891e-01
+1.0689e+00 +3.0717e+00 +1.0717e+00 -9.2833e-01
+1.0731e+00 +3.0068e+00 +1.0068e+00 -9.9322e-01
+1.0774e+00 +3.0109e+00 +1.0109e+00 -9.8908e-01
+1.0816e+00 +3.0838e+00 +1.0838e+00 -9.1617e-01
+1.0858e+00 +3.2204e+00 +1.2204e+00 -7.7958e-01
+1.0900e+00 +3.4112e+00 +1.4112e+00 -5.8880e-01
+1.0942e+00 +3.6429e+00 +1.6429e+00 -3.5709e-01
+1.0984e+00 +3.8994e+00 +1.8994e+00 -1.0056e-01
+1.1026e+00 +4.1630e+00 +2.1630e+00 +1.6296e-01
+1.1068e+00 +4.4152e+00 +2.4152e+00 +4.1515e-01
+1.1110e+00 +4.6385e+00 +2.6385e+00 +6.3849e-01
+1.1152e+00 +4.8174e+00 +2.8174e+00 +8.1744e-01
+1.1194e+00 +4.9396e+00 +2.9396e+00 +9.3957e-01
+1.1236e+00 +4.9964e+00 +2.9964e+00 +9.9639e-01
+1.1279e+00 +4.9839e+00 +2.9839e+00 +9.8395e-01
+1.1321e+00 +4.9031e+00 +2.9031e+00 +9.0310e-01
+1.1363e+00 +4.7595e+00 +2.7595e+00 +7.5949e-01
+1.1405e+00 +4.5631e+00 +2.5631e+00 +5.6307e-01
+1.1447e+00 +4.3275e+00 +2.3275e+00 +3.2752e-01
+1.1489e+00 +4.0692e+00 +2.0692e+00 +6.9198e-02
+1.1531e+00 +3.8061e+00 +1.8061e+00 -1.9393e-01
+1.1573e+00 +3.5564e+00 +1.5564e+00 -4.4358e-01
+1.1615e+00 +3.3376e+00 +1.3376e+00 -6.6240e-01
+1.1657e+00 +3.1648e+00 +1.1648e+00 -8.3517e-01
+1.1699e+00 +3.0501e+00 +1.0501e+00 -9.4988e-01
+1.1741e+00 +3.0014e+00 +1.0014e+00 -9.9857e-01
+1.1784e+00 +3.0222e+00 +1.0222e+00 -9.7784e-01
+1.1826e+00 +3.1109e+00 +1.1109e+00 -8.8914e-01
+1.1868e+00 +3.2614e+00 +1.2614e+00 -7.3863e-01
+1.1910e+00 +3.4632e+00 +1.4632e+00 -5.3678e-01
+1.1952e+00 +3.7024e+00 +1.7024e+00 -2.9762e-01
+1.1994e+00 +3.9622e+00 +1.9622e+00 -3.7766e-02
+1.2036e+00 +4.2247e+00 +2.2247e+00 +2.2471e-01
+1.2078e+00 +4.4716e+00 +2.4716e+00 +4.7157e-01
+1.2120e+00 +4.6856e+00 +2.6856e+00 +6.8565e-01
+1.2162e+00 +4.8521e+00 +2.8521e+00 +8.5206e-01
+1.2204e+00 +4.9593e+00 +2.9593e+00 +9.5925e-01
+1.2246e+00 +4.9998e+00 +2.9998e+00 +9.9976e-01
+1.2289e+00 +4.9708e+00 +2.9708e+00 +9.7077e-01
+1.2331e+00 +4.8743e+00 +2.8743e+00 +8.7430e-01
+1.2373e+00 +4.7171e+00 +2.7171e+00 +7.1705e-01
+1.2415e+00 +4.5100e+00 +2.5100e+00 +5.0996e-01
+1.2457e+00 +4.2674e+00 +2.2674e+00 +2.6742e-01
+1.2499e+00 +4.0063e+00 +2.0063e+00 +6.2957e-03
+1.2541e+00 +3.7447e+00 +1.7447e+00 -2.5527e-01
+1.2583e+00 +3.5009e+00 +1.5009e+00 -4.9909e-01
+1.2625e+00 +3.2918e+00 +1.2918e+00 -7.0822e-01
+1.2667e+00 +3.1319e+00 +1.1319e+00 -8.6812e-01
+1.2709e+00 +3.0323e+00 +1.0323e+00 -9.6767e-01
+1.2752e+00 +3.0000e+00 +1.0000e+00 -9.9996e-01
+1.2794e+00 +3.0373e+00 +1.0373e+00 -9.6273e-01
+1.2836e+00 +3.1414e+00 +1.1414e+00 -8.5859e-01
+1.2878e+00 +3.3052e+00 +1.3052e+00 -6.9476e-01
+1.2920e+00 +3.5174e+00 +1.5174e+00 -4.8264e-01
+1.2962e+00 +3.7630e+00 +1.7630e+00 -2.3696e-01
+1.3004e+00 +4.0252e+00 +2.0252e+00 +2.5180e-02
+1.3046e+00 +4.2856e+00 +2.2856e+00 +2.8557e-01
+1.3088e+00 +4.5261e+00 +2.5261e+00 +5.2612e-01
+1.3130e+00 +4.7301e+00 +2.7301e+00 +7.3009e-01
+1.3172e+00 +4.8833e+00 +2.8833e+00 +8.8331e-01
+1.3214e+00 +4.9751e+00 +2.9751e+00 +9.7513e-01
+1.3257e+00 +4.9992e+00 +2.9992e+00 +9.9916e-01
+1.3299e+00 +4.9537e+00 +2.9537e+00 +9.5374e-01
+1.3341e+00 +4.8420e+00 +2.8420e+00 +8.4203e-01
+1.3383e+00 +4.6718e+00 +2.6718e+00 +6.7178e-01
+1.3425e+00 +4.4548e+00 +2.4548e+00 +4.5483e-01
+1.3467e+00 +4.2063e+00 +2.2063e+00 +2.0627e-01
+1.3509e+00 +3.9434e+00 +1.9434e+00 -5.6632e-02
+1.3551e+00 +3.6844e+00 +1.6844e+00 -3.1560e-01
+1.3593e+00 +3.4474e+00 +1.4474e+00 -5.5262e-01
+1.3635e+00 +3.2488e+00 +1.2488e+00 -7.5123e-01
+1.3677e+00 +3.1024e+00 +1.1024e+00 -8.9763e-01
+1.3719e+00 +3.0184e+00 +1.0184e+00 -9.8162e-01
+1.3762e+00 +3.0026e+00 +1.0026e+00 -9.9738e-01
+1.3804e+00 +3.0562e+00 +1.0562e+00 -9.4381e-01
+1.3846e+00 +3.1754e+00 +1.1754e+00 -8.2463e-01
+1.3888e+00 +3.3519e+00 +1.3519e+00 -6.4813e-01
+1.3930e+00 +3.5734e+00 +1.5734e+00 -4.2658e-01
+1.3972e+00 +3.8246e+00 +1.8246e+00 -1.7537e-01
+1.4014e+00 +4.0880e+00 +2.0880e+00 +8.8027e-02
+1.4056e+00 +4.3453e+00 +2.3453e+00 +3.4530e-01
+1.4098e+00 +4.5786e+00 +2.5786e+00 +5.7858e-01
+1.4140e+00 +4.7716e+00 +2.7716e+00 +7.7164e-01
+1.4182e+00 +4.9111e+00 +2.9111e+00 +9.1105e-01
+1.4224e+00 +4.9871e+00 +2.9871e+00 +9.8714e-01
+1.4267e+00 +4.9946e+00 +2.9946e+00 +9.9461e-01
+1.4309e+00 +4.9329e+00 +2.9329e+00 +9.3294e-01
+1.4351e+00 +4.8064e+00 +2.8064e+00 +8.0642e-01
+1.4393e+00 +4.6238e+00 +2.6238e+00 +6.2384e-01
+1.4435e+00 +4.3979e+00 +2.3979e+00 +3.9790e-01
+1.4477e+00 +4.1443e+00 +2.1443e+00 +1.4430e-01
+1.4519e+00 +3.8807e+00 +1.8807e+00 -1.1933e-01
+1.4561e+00 +3.6253e+00 +1.6253e+00 -3.7467e-01
+1.4603e+00 +3.3960e+00 +1.3960e+00 -6.0396e-01
+1.4645e+00 +3.2087e+00 +1.2087e+00 -7.9127e-01
+1.4687e+00 +3.0764e+00 +1.0764e+00 -9.2358e-01
+1.4729e+00 +3.0083e+00 +1.0083e+00 -9.9168e-01
+1.4772e+00 +3.0091e+00 +1.0091e+00 -9.9085e-01
+1.4814e+00 +3.0789e+00 +1.0789e+00 -9.2115e-01
+1.4856e+00 +3.2126e+00 +1.2126e+00 -7.8741e-01
+1.4898e+00 +3.4011e+00 +1.4011e+00 -5.9893e-01
+1.4940e+00 +3.6312e+00 +1.6312e+00 -3.6883e-01
+1.4982e+00 +3.8869e+00 +1.8869e+00 -1.1308e-01
+1.5024e+00 +4.0000e+00 +2.1505e+00 +1.5052e-01
+1.5066e+00 +4.0000e+00 +2.4037e+00 +4.0367e-01
+1.5108e+00 +4.0000e+00 +2.6287e+00 +6.2875e-01
+1.5150e+00 +4.0000e+00 +2.8101e+00 +8.1013e-01
+1.5192e+00 +4.0000e+00 +2.9352e+00 +9.3519e-01
+1.5234e+00 +4.0000e+00 +2.9952e+00 +9.9524e-01
+1.5277e+00 +4.0000e+00 +2.9861e+00 +9.8611e-01
+1.5319e+00 +4.0000e+00 +2.9084e+00 +9.0844e-01
+1.5361e+00 +4.0000e+00 +2.7676e+00 +7.6762e-01
+1.5403e+00 +4.0000e+00 +2.5734e+00 +5.7343e-01
+1.5445e+00 +4.0000e+00 +2.3394e+00 +3.3939e-01
+1.5487e+00 +4.0000e+00 +2.0818e+00 +8.1754e-02
+1.5529e+00 +4.0000e+00 +1.8184e+00 -1.8156e-01
+1.5571e+00 +4.0000e+00 +1.5677e+00 -4.3226e-01
+1.5613e+00 +4.0000e+00 +1.3471e+00 -6.5291e-01
+1.5655e+00 +4.0000e+00 +1.1718e+00 -8.2818e-01
+1.5697e+00 +4.0000e+00 +1.0541e+00 -9.4587e-01
+1.5739e+00 +4.0000e+00 +1.0022e+00 -9.9782e-01
+1.5782e+00 +4.0000e+00 +1.0196e+00 -9.8040e-01
+1.5824e+00 +4.0000e+00 +1.1052e+00 -8.9483e-01
+1.5866e+00 +4.0000e+00 +1.2529e+00 -7.4706e-01
+1.5908e+00 +4.0000e+00 +1.4526e+00 -5.4736e-01
+1.5950e+00 +4.0000e+00 +1.6904e+00 -3.0962e-01
+1.5992e+00 +4.0000e+00 +1.9497e+00 -5.0345e-02
+1.6034e+00 +4.0000e+00 +2.2124e+00 +2.1243e-01
+1.6076e+00 +4.0000e+00 +2.4604e+00 +4.6043e-01
+1.6118e+00 +4.0000e+00 +2.6764e+00 +6.7643e-01
+1.6160e+00 +4.0000e+00 +2.8454e+00 +8.4541e-01
+1.6202e+00 +4.0000e+00 +2.9556e+00 +9.5562e-01
+1.6244e+00 +4.0000e+00 +2.9994e+00 +9.9940e-01
+1.6287e+00 +4.0000e+00 +2.9737e+00 +9.7371e-01
+1.6329e+00 +4.0000e+00 +2.8803e+00 +8.8034e-01
+1.6371e+00 +4.0000e+00 +2.7258e+00 +7.2577e-01
+1.6413e+00 +4.0000e+00 +2.5208e+00 +5.2075e-01
+1.6455e+00 +4.0000e+00 +2.2795e+00 +2.7954e-01
+1.6497e+00 +4.0000e+00 +2.0189e+00 +1.8886e-02
+1.6539e+00 +4.0000e+00 +1.7569e+00 -2.4308e-01
+1.6581e+00 +4.0000e+00 +1.5119e+00 -4.8814e-01
+1.6623e+00 +4.0000e+00 +1.3007e+00 -6.9927e-01
+1.6665e+00 +4.0000e+00 +1.1382e+00 -8.6180e-01
+1.6707e+00 +4.0000e+00 +1.0356e+00 -9.6442e-01
+1.6749e+00 +4.0000e+00 +1.0000e+00 -1.0000e+00
+1.6792e+00 +4.0000e+00 +1.0339e+00 -9.6606e-01
+1.6834e+00 +4.0000e+00 +1.1350e+00 -8.6497e-01
+1.6876e+00 +4.0000e+00 +1.2962e+00 -7.0376e-01
+1.6918e+00 +4.0000e+00 +1.5064e+00 -4.9363e-01
+1.6960e+00 +4.0000e+00 +1.7508e+00 -2.4918e-01
+1.7002e+00 +4.0000e+00 +2.0000e+00 +1.2591e-02
+1.7044e+00 +4.0000e+00 +2.0000e+00 +2.7348e-01
+1.7086e+00 +4.0000e+00 +2.0000e+00 +5.1537e-01
+1.7128e+00 +4.0000e+00 +2.0000e+00 +7.2143e-01
+1.7170e+00 +4.0000e+00 +2.0000e+00 +8.7734e-01
+1.7212e+00 +4.0000e+00 +2.0000e+00 +9.7226e-01
+1.7255e+00 +4.0000e+00 +2.0000e+00 +9.9960e-01
+1.7297e+00 +4.0000e+00 +2.0000e+00 +9.5745e-01
+1.7339e+00 +4.0000e+00 +2.0000e+00 +8.4875e-01
+1.7381e+00 +4.0000e+00 +2.0000e+00 +6.8105e-01
+1.7423e+00 +4.0000e+00 +2.0000e+00 +4.6601e-01
+1.7465e+00 +4.0000e+00 +2.0000e+00 +2.1857e-01
+1.7507e+00 +4.0000e+00 +2.0000e+00 -4.4056e-02
+1.7549e+00 +4.0000e+00 +2.0000e+00 -3.0362e-01
+1.7591e+00 +4.0000e+00 +2.0000e+00 -5.4208e-01
+1.7633e+00 +4.0000e+00 +2.0000e+00 -7.4286e-01
+1.7675e+00 +4.0000e+00 +2.0000e+00 -8.9200e-01
+1.7717e+00 +4.0000e+00 +2.0000e+00 -9.7914e-01
+1.7760e+00 +4.0000e+00 +2.0000e+00 -9.9821e-01
+1.7802e+00 +4.0000e+00 +2.0000e+00 -9.4790e-01
+1.7844e+00 +4.0000e+00 +2.0000e+00 -8.3169e-01
+1.7886e+00 +4.0000e+00 +2.0000e+00 -6.5767e-01
+1.7928e+00 +4.0000e+00 +2.0000e+00 -4.3793e-01
+1.7970e+00 +4.0000e+00 +2.0000e+00 -1.8775e-01
+1.8012e+00 +4.0000e+00 +2.0000e+00 +7.5477e-02
+1.8054e+00 +4.0000e+00 +2.0000e+00 +3.3346e-01
+1.8096e+00 +4.0000e+00 +2.0000e+00 +5.6826e-01
+1.8138e+00 +4.0000e+00 +2.0000e+00 +7.6357e-01
+1.8180e+00 +4.0000e+00 +2.0000e+00 +9.0579e-01
+1.8222e+00 +4.0000e+00 +2.0000e+00 +9.8505e-01
+1.8265e+00 +4.0000e+00 +2.0000e+00 +9.9584e-01
+1.8307e+00 +4.0000e+00 +2.0000e+00 +9.3740e-01
+1.8349e+00 +4.0000e+00 +2.0000e+00 +8.1380e-01
+1.8391e+00 +4.0000e+00 +2.0000e+00 +6.3363e-01
+1.8433e+00 +4.0000e+00 +2.0000e+00 +4.0942e-01
+1.8475e+00 +4.0000e+00 +2.0000e+00 +1.5675e-01
+1.8517e+00 +4.0000e+00 +2.0000e+00 -1.0682e-01
+1.8559e+00 +4.0000e+00 +2.0000e+00 -3.6297e-01
+1.8601e+00 +4.0000e+00 +2.0000e+00 -5.9388e-01
+1.8643e+00 +4.0000e+00 +2.0000e+00 -7.8351e-01
+1.8685e+00 +4.0000e+00 +2.0000e+00 -9.1868e-01
+1.8727e+00 +4.0000e+00 +2.0000e+00 -9.8998e-01
+1.8770e+00 +4.0000e+00 +2.0000e+00 -9.9247e-01
+1.8812e+00 +4.0000e+00 +2.0000e+00 -9.2597e-01
+1.8854e+00 +4.0000e+00 +2.0000e+00 -7.9511e-01
+1.8896e+00 +4.0000e+00 +2.0000e+00 -6.0897e-01
+1.8938e+00 +4.0000e+00 +2.0000e+00 -3.8050e-01
+1.8980e+00 +4.0000e+00 +2.0000e+00 -1.2558e-01
+1.9022e+00 +4.0000e+00 +2.0000e+00 +1.3806e-01
+1.9064e+00 +4.0000e+00 +2.0000e+00 +3.9212e-01
+1.9106e+00 +4.0000e+00 +2.0000e+00 +6.1891e-01
+1.9148e+00 +4.0000e+00 +2.0000e+00 +8.0268e-01
+1.9190e+00 +4.0000e+00 +2.0000e+00 +9.3065e-01
+1.9232e+00 +4.0000e+00 +2.0000e+00 +9.9394e-01
+1.9275e+00 +4.0000e+00 +2.0000e+00 +9.8813e-01
+1.9317e+00 +4.0000e+00 +2.0000e+00 +9.1363e-01
+1.9359e+00 +4.0000e+00 +2.0000e+00 +7.7562e-01
+1.9401e+00 +4.0000e+00 +2.0000e+00 +5.8370e-01
+1.9443e+00 +4.0000e+00 +2.0000e+00 +3.5121e-01
+1.9485e+00 +4.0000e+00 +2.0000e+00 +9.4296e-02
+1.9527e+00 +4.0000e+00 +2.0000e+00 -1.6917e-01
+1.9569e+00 +4.0000e+00 +2.0000e+00 -4.2087e-01
+1.9611e+00 +4.0000e+00 +2.0000e+00 -6.4332e-01
+1.9653e+00 +4.0000e+00 +2.0000e+00 -8.2105e-01
+1.9695e+00 +4.0000e+00 +2.0000e+00 -9.4171e-01
+1.9737e+00 +4.0000e+00 +2.0000e+00 -9.9690e-01
+1.9780e+00 +4.0000e+00 +2.0000e+00 -9.8280e-01
+1.9822e+00 +4.0000e+00 +2.0000e+00 -9.0038e-01
+1.9864e+00 +4.0000e+00 +2.0000e+00 -7.5537e-01
+1.9906e+00 +4.0000e+00 +2.0000e+00 -5.5786e-01
+1.9948e+00 +4.0000e+00 +2.0000e+00 -3.2156e-01
+1.9990e+00 +4.0000e+00 +2.0000e+00 -6.2916e-02
+2.0032e+00 +4.2001e+00 +2.2001e+00 +2.0010e-01
+2.0074e+00 +4.4492e+00 +2.4492e+00 +4.4922e-01
+2.0116e+00 +4.6671e+00 +2.6671e+00 +6.6710e-01
+2.0158e+00 +4.8386e+00 +2.8386e+00 +8.3861e-01
+2.0200e+00 +4.9518e+00 +2.9518e+00 +9.5183e-01
+2.0242e+00 +4.9989e+00 +2.9989e+00 +9.9889e-01
+2.0285e+00 +4.9765e+00 +2.9765e+00 +9.7650e-01
+2.0327e+00 +4.8862e+00 +2.8862e+00 +8.8624e-01
+2.0369e+00 +4.7344e+00 +2.7344e+00 +7.3438e-01
+2.0411e+00 +4.5315e+00 +2.5315e+00 +5.3146e-01
+2.0453e+00 +4.2916e+00 +2.2916e+00 +2.9160e-01
+2.0495e+00 +4.0315e+00 +2.0315e+00 +3.1474e-02
+2.0537e+00 +3.7692e+00 +1.7692e+00 -2.3084e-01
+2.0579e+00 +3.5229e+00 +1.5229e+00 -4.7711e-01
+2.0621e+00 +3.3098e+00 +1.3098e+00 -6.9022e-01
+2.0663e+00 +3.1447e+00 +1.1447e+00 -8.5534e-01
+2.0705e+00 +3.0390e+00 +1.0390e+00 -9.6101e-01
+2.0747e+00 +3.0001e+00 +1.0001e+00 -9.9988e-01
+2.0790e+00 +3.0308e+00 +1.0308e+00 -9.6924e-01
+2.0832e+00 +3.1288e+00 +1.1288e+00 -8.7122e-01
+2.0874e+00 +3.2874e+00 +1.2874e+00 -7.1265e-01
+2.0916e+00 +3.4955e+00 +1.4955e+00 -5.0454e-01
+2.0958e+00 +3.7386e+00 +1.7386e+00 -2.6135e-01
+2.1000e+00 +4.0000e+00 +2.0000e+00 +5.0841e-15
