R P dT
+1.0000e+00 +1.0000e+01 +3.1935e+00
+1.4737e+00 +1.0000e+01 +3.1935e+00
+1.9474e+00 +1.0000e+01 +3.1935e+00
+2.4211e+00 +1.0000e+01 +3.1935e+00
+2.8947e+00 +1.0000e+01 +3.1935e+00
+3.3684e+00 +1.0000e+01 +3.1935e+00
+3.8421e+00 +1.0000e+01 +3.1934e+00
+4.3158e+00 +1.0000e+01 +3.1934e+00
+4.7895e+00 +1.0000e+01 +3.1934e+00
+5.2632e+00 +1.0000e+01 +3.1934e+00
+5.7368e+00 +1.0000e+01 +3.1934e+00
+6.2105e+00 +1.0000e+01 +3.1934e+00
+6.6842e+00 +1.0000e+01 +3.1934e+00
+7.1579e+00 +1.0000e+01 +3.1934e+00
+7.6316e+00 +1.0000e+01 +3.1934e+00
+8.1053e+00 +1.0000e+01 +3.1934e+00
+8.5789e+00 +1.0000e+01 +3.1934e+00
+9.0526e+00 +1.0000e+01 +3.1934e+00
+9.5263e+00 +1.0000e+01 +3.1934e+00
+1.0000e+01 +1.0000e+01 +3.1934e+00
+1.0000e+00 +1.9500e+01 +6.2273e+00
+1.4737e+00 +1.9500e+01 +6.2273e+00
+1.9474e+00 +1.9500e+01 +6.2273e+00
+2.4211e+00 +1.9500e+01 +6.2272e+00
+2.8947e+00 +1.9500e+01 +6.2272e+00
+3.3684e+00 +1.9500e+01 +6.2272e+00
+3.8421e+00 +1.9500e+01 +6.2272e+00
+4.3158e+00 +1.9500e+01 +6.2272e+00
+4.7895e+00 +1.9500e+01 +6.2272e+00
+5.2632e+00 +1.9500e+01 +6.2272e+00
+5.7368e+00 +1.9500e+01 +6.2272e+00
+6.2105e+00 +1.9500e+01 +6.2272e+00
+6.6842e+00 +1.9500e+01 +6.2272e+00
+7.1579e+00 +1.9500e+01 +6.2272e+00
+7.6316e+00 +1.9500e+01 +6.2272e+00
+8.1053e+00 +1.9500e+01 +6.2272e+00
+8.5789e+00 +1.9500e+01 +6.2272e+00
+9.0526e+00 +1.9500e+01 +6.2272e+00
+9.5263e+00 +1.9500e+01 +6.2272e+00
+1.0000e+01 +1.9500e+01 +6.2271e+00
+1.0000e+00 +2.9000e+01 +9.2611e+00
+1.4737e+00 +2.9000e+01 +9.2610e+00
+1.9474e+00 +2.9000e+01 +9.2610e+00
+2.4211e+00 +2.9000e+01 +9.2610e+00
+2.8947e+00 +2.9000e+01 +9.2610e+00
+3.3684e+00 +2.9000e+01 +9.2610e+00
+3.8421e+00 +2.9000e+01 +9.2610e+00
+4.3158e+00 +2.9000e+01 +9.2610e+00
+4.7895e+00 +2.9000e+01 +9.2610e+00
+5.2632e+00 +2.9000e+01 +9.2610e+00
+5.7368e+00 +2.9000e+01 +9.2610e+00
+6.2105e+00 +2.9000e+01 +9.2610e+00
+6.6842e+00 +2.9000e+01 +9.2609e+00
+7.1579e+00 +2.9000e+01 +9.2609e+00
+7.6316e+00 +2.9000e+01 +9.2609e+00
+8.1053e+00 +2.9000e+01 +9.2609e+00
+8.5789e+00 +2.9000e+01 +9.2609e+00
+9.0526e+00 +2.9000e+01 +9.2609e+00
+9.5263e+00 +2.9000e+01 +9.2609e+00
+1.0000e+01 +2.9000e+01 +9.2609e+00
+1.0000e+00 +3.8500e+01 +1.2295e+01
+1.4737e+00 +3.8500e+01 +1.2295e+01
+1.9474e+00 +3.8500e+01 +1.2295e+01
+2.4211e+00 +3.8500e+01 +1.2295e+01
+2.8947e+00 +3.8500e+01 +1.2295e+01
+3.3684e+00 +3.8500e+01 +1.2295e+01
+3.8421e+00 +3.8500e+01 +1.2295e+01
+4.3158e+00 +3.8500e+01 +1.2295e+01
+4.7895e+00 +3.8500e+01 +1.2295e+01
+5.2632e+00 +3.8500e+01 +1.2295e+01
+5.7368e+00 +3.8500e+01 +1.2295e+01
+6.2105e+00 +3.8500e+01 +1.2295e+01
+6.6842e+00 +3.8500e+01 +1.2295e+01
+7.1579e+00 +3.8500e+01 +1.2295e+01
+7.6316e+00 +3.8500e+01 +1.2295e+01
+8.1053e+00 +3.8500e+01 +1.2295e+01
+8.5789e+00 +3.8500e+01 +1.2295e+01
+9.0526e+00 +3.8500e+01 +1.2295e+01
+9.5263e+00 +3.8500e+01 +1.2295e+01
+1.0000e+01 +3.8500e+01 +1.2295e+01
+1.0000e+00 +4.8000e+01 +1.5329e+01
+1.4737e+00 +4.8000e+01 +1.5329e+01
+1.9474e+00 +4.8000e+01 +1.5329e+01
+2.4211e+00 +4.8000e+01 +1.5329e+01
+2.8947e+00 +4.8000e+01 +1.5329e+01
+3.3684e+00 +4.8000e+01 +1.5329e+01
+3.8421e+00 +4.8000e+01 +1.5329e+01
+4.3158e+00 +4.8000e+01 +1.5329e+01
+4.7895e+00 +4.8000e+01 +1.5329e+01
+5.2632e+00 +4.8000e+01 +1.5329e+01
+5.7368e+00 +4.8000e+01 +1.5328e+01
+6.2105e+00 +4.8000e+01 +1.5328e+01
+6.6842e+00 +4.8000e+01 +1.5328e+01
+7.1579e+00 +4.8000e+01 +1.5328e+01
+7.6316e+00 +4.8000e+01 +1.5328e+01
+8.1053e+00 +4.8000e+01 +1.5328e+01
+8.5789e+00 +4.8000e+01 +1.5328e+01
+9.0526e+00 +4.8000e+01 +1.5328e+01
+9.5263e+00 +4.8000e+01 +1.5328e+01
+1.0000e+01 +4.8000e+01 +1.5328e+01
+1.0000e+00 +5.7500e+01 +1.8362e+01
+1.4737e+00 +5.7500e+01 +1.8362e+01
+1.9474e+00 +5.7500e+01 +1.8362e+01
+2.4211e+00 +5.7500e+01 +1.8362e+01
+2.8947e+00 +5.7500e+01 +1.8362e+01
+3.3684e+00 +5.7500e+01 +1.8362e+01
+3.8421e+00 +5.7500e+01 +1.8362e+01
+4.3158e+00 +5.7500e+01 +1.8362e+01
+4.7895e+00 +5.7500e+01 +1.8362e+01
+5.2632e+00 +5.7500e+01 +1.8362e+01
+5.7368e+00 +5.7500e+01 +1.8362e+01
+6.2105e+00 +5.7500e+01 +1.8362e+01
+6.6842e+00 +5.7500e+01 +1.8362e+01
+7.1579e+00 +5.7500e+01 +1.8362e+01
+7.6316e+00 +5.7500e+01 +1.8362e+01
+8.1053e+00 +5.7500e+01 +1.8362e+01
+8.5789e+00 +5.7500e+01 +1.8362e+01
+9.0526e+00 +5.7500e+01 +1.8362e+01
+9.5263e+00 +5.7500e+01 +1.8362e+01
+1.0000e+01 +5.7500e+01 +1.8362e+01
+1.0000e+00 +6.7000e+01 +2.1396e+01
+1.4737e+00 +6.7000e+01 +2.1396e+01
+1.9474e+00 +6.7000e+01 +2.1396e+01
+2.4211e+00 +6.7000e+01 +2.1396e+01
+2.8947e+00 +6.7000e+01 +2.1396e+01
+3.3684e+00 +6.7000e+01 +2.1396e+01
+3.8421e+00 +6.7000e+01 +2.1396e+01
+4.3158e+00 +6.7000e+01 +2.1396e+01
+4.7895e+00 +6.7000e+01 +2.1396e+01
+5.2632e+00 +6.7000e+01 +2.1396e+01
+5.7368e+00 +6.7000e+01 +2.1396e+01
+6.2105e+00 +6.7000e+01 +2.1396e+01
+6.6842e+00 +6.7000e+01 +2.1396e+01
+7.1579e+00 +6.7000e+01 +2.1396e+01
+7.6316e+00 +6.7000e+01 +2.1396e+01
+8.1053e+00 +6.7000e+01 +2.1396e+01
+8.5789e+00 +6.7000e+01 +2.1396e+01
+9.0526e+00 +6.7000e+01 +2.1396e+01
+9.5263e+00 +6.7000e+01 +2.1396e+01
+1.0000e+01 +6.7000e+01 +2.1396e+01
+1.0000e+00 +7.6500e+01 +2.4430e+01
+1.4737e+00 +7.6500e+01 +2.4430e+01
+1.9474e+00 +7.6500e+01 +2.4430e+01
+2.4211e+00 +7.6500e+01 +2.4430e+01
+2.8947e+00 +7.6500e+01 +2.4430e+01
+3.3684e+00 +7.6500e+01 +2.4430e+01
+3.8421e+00 +7.6500e+01 +2.4430e+01
+4.3158e+00 +7.6500e+01 +2.4430e+01
+4.7895e+00 +7.6500e+01 +2.4430e+01
+5.2632e+00 +7.6500e+01 +2.4430e+01
+5.7368e+00 +7.6500e+01 +2.4430e+01
+6.2105e+00 +7.6500e+01 +2.4430e+01
+6.6842e+00 +7.6500e+01 +2.4430e+01
+7.1579e+00 +7.6500e+01 +2.4430e+01
+7.6316e+00 +7.6500e+01 +2.4430e+01
+8.1053e+00 +7.6500e+01 +2.4430e+01
+8.5789e+00 +7.6500e+01 +2.4430e+01
+9.0526e+00 +7.6500e+01 +2.4430e+01
+9.5263e+00 +7.6500e+01 +2.4430e+01
+1.0000e+01 +7.6500e+01 +2.4430e+01
+1.0000e+00 +8.6000e+01 +2.7464e+01
+1.4737e+00 +8.6000e+01 +2.7464e+01
+1.9474e+00 +8.6000e+01 +2.7464e+01
+2.4211e+00 +8.6000e+01 +2.7464e+01
+2.8947e+00 +8.6000e+01 +2.7464e+01
+3.3684e+00 +8.6000e+01 +2.7464e+01
+3.8421e+00 +8.6000e+01 +2.7464e+01
+4.3158e+00 +8.6000e+01 +2.7464e+01
+4.7895e+00 +8.6000e+01 +2.7464e+01
+5.2632e+00 +8.6000e+01 +2.7464e+01
+5.7368e+00 +8.6000e+01 +2.7464e+01
+6.2105e+00 +8.6000e+01 +2.7464e+01
+6.6842e+00 +8.6000e+01 +2.7464e+01
+7.1579e+00 +8.6000e+01 +2.7463e+01
+7.6316e+00 +8.6000e+01 +2.7463e+01
+8.1053e+00 +8.6000e+01 +2.7463e+01
+8.5789e+00 +8.6000e+01 +2.7463e+01
+9.0526e+00 +8.6000e+01 +2.7463e+01
+9.5263e+00 +8.6000e+01 +2.7463e+01
+1.0000e+01 +8.6000e+01 +2.7463e+01
+1.0000e+00 +9.5500e+01 +3.0498e+01
+1.4737e+00 +9.5500e+01 +3.0498e+01
+1.9474e+00 +9.5500e+01 +3.0498e+01
+2.4211e+00 +9.5500e+01 +3.0498e+01
+2.8947e+00 +9.5500e+01 +3.0498e+01
+3.3684e+00 +9.5500e+01 +3.0497e+01
+3.8421e+00 +9.5500e+01 +3.0497e+01
+4.3158e+00 +9.5500e+01 +3.0497e+01
+4.7895e+00 +9.5500e+01 +3.0497e+01
+5.2632e+00 +9.5500e+01 +3.0497e+01
+5.7368e+00 +9.5500e+01 +3.0497e+01
+6.2105e+00 +9.5500e+01 +3.0497e+01
+6.6842e+00 +9.5500e+01 +3.0497e+01
+7.1579e+00 +9.5500e+01 +3.0497e+01
+7.6316e+00 +9.5500e+01 +3.0497e+01
+8.1053e+00 +9.5500e+01 +3.0497e+01
+8.5789e+00 +9.5500e+01 +3.0497e+01
+9.0526e+00 +9.5500e+01 +3.0497e+01
+9.5263e+00 +9.5500e+01 +3.0497e+01
+1.0000e+01 +9.5500e+01 +3.0497e+01
+1.0000e+00 +1.0500e+02 +3.3531e+01
+1.4737e+00 +1.0500e+02 +3.3531e+01
+1.9474e+00 +1.0500e+02 +3.3531e+01
+2.4211e+00 +1.0500e+02 +3.3531e+01
+2.8947e+00 +1.0500e+02 +3.3531e+01
+3.3684e+00 +1.0500e+02 +3.3531e+01
+3.8421e+00 +1.0500e+02 +3.3531e+01
+4.3158e+00 +1.0500e+02 +3.3531e+01
+4.7895e+00 +1.0500e+02 +3.3531e+01
+5.2632e+00 +1.0500e+02 +3.3531e+01
+5.7368e+00 +1.0500e+02 +3.3531e+01
+6.2105e+00 +1.0500e+02 +3.3531e+01
+6.6842e+00 +1.0500e+02 +3.3531e+01
+7.1579e+00 +1.0500e+02 +3.3531e+01
+7.6316e+00 +1.0500e+02 +3.3531e+01
+8.1053e+00 +1.0500e+02 +3.3531e+01
+8.5789e+00 +1.0500e+02 +3.3531e+01
+9.0526e+00 +1.0500e+02 +3.3531e+01
+9.5263e+00 +1.0500e+02 +3.3531e+01
+1.0000e+01 +1.0500e+02 +3.3531e+01
+1.0000e+00 +1.1450e+02 +3.6565e+01
+1.4737e+00 +1.1450e+02 +3.6565e+01
+1.9474e+00 +1.1450e+02 +3.6565e+01
+2.4211e+00 +1.1450e+02 +3.6565e+01
+2.8947e+00 +1.1450e+02 +3.6565e+01
+3.3684e+00 +1.1450e+02 +3.6565e+01
+3.8421e+00 +1.1450e+02 +3.6565e+01
+4.3158e+00 +1.1450e+02 +3.6565e+01
+4.7895e+00 +1.1450e+02 +3.6565e+01
+5.2632e+00 +1.1450e+02 +3.6565e+01
+5.7368e+00 +1.1450e+02 +3.6565e+01
+6.2105e+00 +1.1450e+02 +3.6565e+01
+6.6842e+00 +1.1450e+02 +3.6565e+01
+7.1579e+00 +1.1450e+02 +3.6565e+01
+7.6316e+00 +1.1450e+02 +3.6565e+01
+8.1053e+00 +1.1450e+02 +3.6565e+01
+8.5789e+00 +1.1450e+02 +3.6565e+01
+9.0526e+00 +1.1450e+02 +3.6565e+01
+9.5263e+00 +1.1450e+02 +3.6565e+01
+1.0000e+01 +1.1450e+02 +3.6565e+01
+1.0000e+00 +1.2400e+02 +3.9599e+01
+1.4737e+00 +1.2400e+02 +3.9599e+01
+1.9474e+00 +1.2400e+02 +3.9599e+01
+2.4211e+00 +1.2400e+02 +3.9599e+01
+2.8947e+00 +1.2400e+02 +3.9599e+01
+3.3684e+00 +1.2400e+02 +3.9599e+01
+3.8421e+00 +1.2400e+02 +3.9599e+01
+4.3158e+00 +1.2400e+02 +3.9599e+01
+4.7895e+00 +1.2400e+02 +3.9599e+01
+5.2632e+00 +1.2400e+02 +3.9599e+01
+5.7368e+00 +1.2400e+02 +3.9599e+01
+6.2105e+00 +1.2400e+02 +3.9599e+01
+6.6842e+00 +1.2400e+02 +3.9599e+01
+7.1579e+00 +1.2400e+02 +3.9599e+01
+7.6316e+00 +1.2400e+02 +3.9598e+01
+8.1053e+00 +1.2400e+02 +3.9598e+01
+8.5789e+00 +1.2400e+02 +3.9598e+01
+9.0526e+00 +1.2400e+02 +3.9598e+01
+9.5263e+00 +1.2400e+02 +3.9598e+01
+1.0000e+01 +1.2400e+02 +3.9598e+01
+1.0000e+00 +1.3350e+02 +4.2633e+01
+1.4737e+00 +1.3350e+02 +4.2633e+01
+1.9474e+00 +1.3350e+02 +4.2633e+01
+2.4211e+00 +1.3350e+02 +4.2633e+01
+2.8947e+00 +1.3350e+02 +4.2633e+01
+3.3684e+00 +1.3350e+02 +4.2633e+01
+3.8421e+00 +1.3350e+02 +4.2633e+01
+4.3158e+00 +1.3350e+02 +4.2633e+01
+4.7895e+00 +1.3350e+02 +4.2632e+01
+5.2632e+00 +1.3350e+02 +4.2632e+01
+5.7368e+00 +1.3350e+02 +4.2632e+01
+6.2105e+00 +1.3350e+02 +4.2632e+01
+6.6842e+00 +1.3350e+02 +4.2632e+01
+7.1579e+00 +1.3350e+02 +4.2632e+01
+7.6316e+00 +1.3350e+02 +4.2632e+01
+8.1053e+00 +1.3350e+02 +4.2632e+01
+8.5789e+00 +1.3350e+02 +4.2632e+01
+9.0526e+00 +1.3350e+02 +4.2632e+01
+9.5263e+00 +1.3350e+02 +4.2632e+01
+1.0000e+01 +1.3350e+02 +4.2632e+01
+1.0000e+00 +1.4300e+02 +4.5667e+01
+1.4737e+00 +1.4300e+02 +4.5667e+01
+1.9474e+00 +1.4300e+02 +4.5667e+01
+2.4211e+00 +1.4300e+02 +4.5666e+01
+2.8947e+00 +1.4300e+02 +4.5666e+01
+3.3684e+00 +1.4300e+02 +4.5666e+01
+3.8421e+00 +1.4300e+02 +4.5666e+01
+4.3158e+00 +1.4300e+02 +4.5666e+01
+4.7895e+00 +1.4300e+02 +4.5666e+01
+5.2632e+00 +1.4300e+02 +4.5666e+01
+5.7368e+00 +1.4300e+02 +4.5666e+01
+6.2105e+00 +1.4300e+02 +4.5666e+01
+6.6842e+00 +1.4300e+02 +4.5666e+01
+7.1579e+00 +1.4300e+02 +4.5666e+01
+7.6316e+00 +1.4300e+02 +4.5666e+01
+8.1053e+00 +1.4300e+02 +4.5666e+01
+8.5789e+00 +1.4300e+02 +4.5666e+01
+9.0526e+00 +1.4300e+02 +4.5666e+01
+9.5263e+00 +1.4300e+02 +4.5666e+01
+1.0000e+01 +1.4300e+02 +4.5666e+01
+1.0000e+00 +1.5250e+02 +4.8700e+01
+1.4737e+00 +1.5250e+02 +4.8700e+01
+1.9474e+00 +1.5250e+02 +4.8700e+01
+2.4211e+00 +1.5250e+02 +4.8700e+01
+2.8947e+00 +1.5250e+02 +4.8700e+01
+3.3684e+00 +1.5250e+02 +4.8700e+01
+3.8421e+00 +1.5250e+02 +4.8700e+01
+4.3158e+00 +1.5250e+02 +4.8700e+01
+4.7895e+00 +1.5250e+02 +4.8700e+01
+5.2632e+00 +1.5250e+02 +4.8700e+01
+5.7368e+00 +1.5250e+02 +4.8700e+01
+6.2105e+00 +1.5250e+02 +4.8700e+01
+6.6842e+00 +1.5250e+02 +4.8700e+01
+7.1579e+00 +1.5250e+02 +4.8700e+01
+7.6316e+00 +1.5250e+02 +4.8700e+01
+8.1053e+00 +1.5250e+02 +4.8700e+01
+8.5789e+00 +1.5250e+02 +4.8700e+01
+9.0526e+00 +1.5250e+02 +4.8700e+01
+9.5263e+00 +1.5250e+02 +4.8700e+01
+1.0000e+01 +1.5250e+02 +4.8699e+01
+1.0000e+00 +1.6200e+02 +5.1734e+01
+1.4737e+00 +1.6200e+02 +5.1734e+01
+1.9474e+00 +1.6200e+02 +5.1734e+01
+2.4211e+00 +1.6200e+02 +5.1734e+01
+2.8947e+00 +1.6200e+02 +5.1734e+01
+3.3684e+00 +1.6200e+02 +5.1734e+01
+3.8421e+00 +1.6200e+02 +5.1734e+01
+4.3158e+00 +1.6200e+02 +5.1734e+01
+4.7895e+00 +1.6200e+02 +5.1734e+01
+5.2632e+00 +1.6200e+02 +5.1734e+01
+5.7368e+00 +1.6200e+02 +5.1734e+01
+6.2105e+00 +1.6200e+02 +5.1734e+01
+6.6842e+00 +1.6200e+02 +5.1734e+01
+7.1579e+00 +1.6200e+02 +5.1734e+01
+7.6316e+00 +1.6200e+02 +5.1733e+01
+8.1053e+00 +1.6200e+02 +5.1733e+01
+8.5789e+00 +1.6200e+02 +5.1733e+01
+9.0526e+00 +1.6200e+02 +5.1733e+01
+9.5263e+00 +1.6200e+02 +5.1733e+01
+1.0000e+01 +1.6200e+02 +5.1733e+01
+1.0000e+00 +1.7150e+02 +5.4768e+01
+1.4737e+00 +1.7150e+02 +5.4768e+01
+1.9474e+00 +1.7150e+02 +5.4768e+01
+2.4211e+00 +1.7150e+02 +5.4768e+01
+2.8947e+00 +1.7150e+02 +5.4768e+01
+3.3684e+00 +1.7150e+02 +5.4768e+01
+3.8421e+00 +1.7150e+02 +5.4768e+01
+4.3158e+00 +1.7150e+02 +5.4768e+01
+4.7895e+00 +1.7150e+02 +5.4768e+01
+5.2632e+00 +1.7150e+02 +5.4767e+01
+5.7368e+00 +1.7150e+02 +5.4767e+01
+6.2105e+00 +1.7150e+02 +5.4767e+01
+6.6842e+00 +1.7150e+02 +5.4767e+01
+7.1579e+00 +1.7150e+02 +5.4767e+01
+7.6316e+00 +1.7150e+02 +5.4767e+01
+8.1053e+00 +1.7150e+02 +5.4767e+01
+8.5789e+00 +1.7150e+02 +5.4767e+01
+9.0526e+00 +1.7150e+02 +5.4767e+01
+9.5263e+00 +1.7150e+02 +5.4767e+01
+1.0000e+01 +1.7150e+02 +5.4767e+01
+1.0000e+00 +1.8100e+02 +5.7802e+01
+1.4737e+00 +1.8100e+02 +5.7802e+01
+1.9474e+00 +1.8100e+02 +5.7802e+01
+2.4211e+00 +1.8100e+02 +5.7802e+01
+2.8947e+00 +1.8100e+02 +5.7802e+01
+3.3684e+00 +1.8100e+02 +5.7801e+01
+3.8421e+00 +1.8100e+02 +5.7801e+01
+4.3158e+00 +1.8100e+02 +5.7801e+01
+4.7895e+00 +1.8100e+02 +5.7801e+01
+5.2632e+00 +1.8100e+02 +5.7801e+01
+5.7368e+00 +1.8100e+02 +5.7801e+01
+6.2105e+00 +1.8100e+02 +5.7801e+01
+6.6842e+00 +1.8100e+02 +5.7801e+01
+7.1579e+00 +1.8100e+02 +5.7801e+01
+7.6316e+00 +1.8100e+02 +5.7801e+01
+8.1053e+00 +1.8100e+02 +5.7801e+01
+8.5789e+00 +1.8100e+02 +5.7801e+01
+9.0526e+00 +1.8100e+02 +5.7801e+01
+9.5263e+00 +1.8100e+02 +5.7801e+01
+1.0000e+01 +1.8100e+02 +5.7801e+01
+1.0000e+00 +1.9050e+02 +6.0836e+01
+1.4737e+00 +1.9050e+02 +6.0836e+01
+1.9474e+00 +1.9050e+02 +6.0835e+01
+2.4211e+00 +1.9050e+02 +6.0835e+01
+2.8947e+00 +1.9050e+02 +6.0835e+01
+3.3684e+00 +1.9050e+02 +6.0835e+01
+3.8421e+00 +1.9050e+02 +6.0835e+01
+4.3158e+00 +1.9050e+02 +6.0835e+01
+4.7895e+00 +1.9050e+02 +6.0835e+01
+5.2632e+00 +1.9050e+02 +6.0835e+01
+5.7368e+00 +1.9050e+02 +6.0835e+01
+6.2105e+00 +1.9050e+02 +6.0835e+01
+6.6842e+00 +1.9050e+02 +6.0835e+01
+7.1579e+00 +1.9050e+02 +6.0835e+01
+7.6316e+00 +1.9050e+02 +6.0835e+01
+8.1053e+00 +1.9050e+02 +6.0835e+01
+8.5789e+00 +1.9050e+02 +6.0835e+01
+9.0526e+00 +1.9050e+02 +6.0835e+01
+9.5263e+00 +1.9050e+02 +6.0834e+01
+1.0000e+01 +1.9050e+02 +6.0834e+01
+1.0000e+00 +2.0000e+02 +6.3869e+01
+1.4737e+00 +2.0000e+02 +6.3869e+01
+1.9474e+00 +2.0000e+02 +6.3869e+01
+2.4211e+00 +2.0000e+02 +6.3869e+01
+2.8947e+00 +2.0000e+02 +6.3869e+01
+3.3684e+00 +2.0000e+02 +6.3869e+01
+3.8421e+00 +2.0000e+02 +6.3869e+01
+4.3158e+00 +2.0000e+02 +6.3869e+01
+4.7895e+00 +2.0000e+02 +6.3869e+01
+5.2632e+00 +2.0000e+02 +6.3869e+01
+5.7368e+00 +2.0000e+02 +6.3869e+01
+6.2105e+00 +2.0000e+02 +6.3869e+01
+6.6842e+00 +2.0000e+02 +6.3869e+01
+7.1579e+00 +2.0000e+02 +6.3869e+01
+7.6316e+00 +2.0000e+02 +6.3868e+01
+8.1053e+00 +2.0000e+02 +6.3868e+01
+8.5789e+00 +2.0000e+02 +6.3868e+01
+9.0526e+00 +2.0000e+02 +6.3868e+01
+9.5263e+00 +2.0000e+02 +6.3868e+01
+1.0000e+01 +2.0000e+02 +6.3868e+01
