wl n k a
3.40000e+01 8.42171e-01 9.07382e-02 3.35368e+07
3.60000e+01 8.30720e-01 1.09343e-01 3.81678e+07
3.80000e+01 8.19753e-01 1.30254e-01 4.30741e+07
4.00000e+01 8.09997e-01 1.53388e-01 4.81881e+07
4.20000e+01 8.02291e-01 1.79800e-01 5.37961e+07
4.40000e+01 7.97737e-01 2.08829e-01 5.96413e+07
4.60000e+01 7.97007e-01 2.41429e-01 6.59542e+07
4.80000e+01 8.05579e-01 2.76560e-01 7.24034e+07
5.00000e+01 8.20742e-01 2.99771e-01 7.53408e+07
5.20000e+01 8.30957e-01 3.15348e-01 7.62073e+07
5.40000e+01 8.35240e-01 3.30971e-01 7.70205e+07
5.60000e+01 8.35295e-01 3.49776e-01 7.84896e+07
5.79000e+01 8.31628e-01 3.73930e-01 8.11562e+07
6.00000e+01 8.30901e-01 4.11898e-01 8.62678e+07
6.19000e+01 8.40575e-01 4.55817e-01 9.25357e+07
6.40000e+01 8.66994e-01 5.03257e-01 9.88144e+07
6.61000e+01 9.03527e-01 5.35538e-01 1.01812e+08
6.81000e+01 9.41801e-01 5.63365e-01 1.03957e+08
7.00000e+01 9.81692e-01 5.79149e-01 1.03969e+08
7.19000e+01 1.02092e+00 5.85855e-01 1.02393e+08
7.40000e+01 1.04974e+00 5.80484e-01 9.85753e+07
7.60000e+01 1.06872e+00 5.85855e-01 9.68694e+07
7.80000e+01 1.08769e+00 5.98123e-01 9.63619e+07
8.00000e+01 1.11168e+00 6.13465e-01 9.63629e+07
8.20000e+01 1.14063e+00 6.29202e-01 9.64242e+07
8.39000e+01 1.17338e+00 6.45342e-01 9.66581e+07
8.59000e+01 1.21497e+00 6.57340e-01 9.61627e+07
8.79000e+01 1.25950e+00 6.57340e-01 9.39747e+07
8.99000e+01 1.30266e+00 6.52815e-01 9.12516e+07
9.20000e+01 1.34676e+00 6.43858e-01 8.79452e+07
9.40000e+01 1.38764e+00 6.29202e-01 8.41147e+07
9.59000e+01 1.42542e+00 6.05048e-01 7.92832e+07
9.79000e+01 1.45587e+00 5.75162e-01 7.38274e+07
1.00000e+02 1.47663e+00 5.42988e-01 6.82339e+07
1.02000e+02 1.49347e+00 5.18549e-01 6.38851e+07
1.04000e+02 1.50668e+00 4.92936e-01 5.95616e+07
1.06000e+02 1.51631e+00 4.70750e-01 5.58077e+07
1.08000e+02 1.52359e+00 4.48529e-01 5.21887e+07
1.10000e+02 1.52893e+00 4.30319e-01 4.91595e+07
1.12000e+02 1.53536e+00 4.14754e-01 4.65352e+07
1.14000e+02 1.54321e+00 3.98832e-01 4.39638e+07
1.16000e+02 1.54807e+00 3.82640e-01 4.14517e+07
1.18000e+02 1.55343e+00 3.70502e-01 3.94564e+07
1.20000e+02 1.56087e+00 3.59576e-01 3.76547e+07
1.22000e+02 1.57030e+00 3.48972e-01 3.59451e+07
1.24000e+02 1.58464e+00 3.38680e-01 3.43225e+07
1.26000e+02 1.60607e+00 3.21951e-01 3.21092e+07
1.28000e+02 1.62682e+00 2.87601e-01 2.82351e+07
1.30000e+02 1.63385e+00 2.39216e-01 2.31237e+07
1.32000e+02 1.61942e+00 1.86978e-01 1.78002e+07
1.34000e+02 1.58627e+00 1.48864e-01 1.39603e+07
1.36000e+02 1.53640e+00 1.33288e-01 1.23158e+07
1.38000e+02 1.49627e+00 1.42164e-01 1.29456e+07
1.40000e+02 1.47113e+00 1.67799e-01 1.50616e+07
1.42000e+02 1.46148e+00 1.92659e-01 1.70495e+07
1.44000e+02 1.46098e+00 2.16666e-01 1.89076e+07
1.46000e+02 1.46928e+00 2.40874e-01 2.07323e+07
1.48000e+02 1.48955e+00 2.64113e-01 2.24253e+07
1.50000e+02 1.52128e+00 2.77198e-01 2.32225e+07
1.52000e+02 1.55994e+00 2.77198e-01 2.29169e+07
1.54000e+02 1.59686e+00 2.58101e-01 2.10610e+07
1.56000e+02 1.62042e+00 2.33771e-01 1.88311e+07
1.58000e+02 1.64147e+00 2.02204e-01 1.60821e+07
1.60000e+02 1.65018e+00 1.67028e-01 1.31184e+07
1.62000e+02 1.65292e+00 1.35142e-01 1.04830e+07
1.64000e+02 1.65310e+00 1.03942e-01 7.96446e+06
1.66000e+02 1.64725e+00 7.24086e-02 5.48141e+06
1.68000e+02 1.63506e+00 3.99752e-02 2.99013e+06
1.70000e+02 1.60556e+00 3.99752e-03 2.95496e+05
1.72000e+02 1.56818e+00 2.00350e-03 1.46377e+05
1.74000e+02 1.54941e+00 1.18247e-03 8.53986e+04
1.75000e+02 1.54306e+00 8.39054e-04 6.02507e+04
1.80000e+02 1.51334e+00 5.99501e-05 4.18531e+03
1.85000e+02 1.49188e+00 1.24951e-06 8.48747e+01
1.90000e+02 1.47518e+00 3.62235e-07 2.39578e+01
1.95000e+02 1.46254e+00 1.84965e-07 1.19197e+01
2.00000e+02 1.45172e+00 1.10101e-07 6.91783e+00
2.05000e+02 1.44230e+00 6.71104e-08 4.11383e+00
2.10000e+02 1.43468e+00 3.84406e-08 2.30028e+00
2.15000e+02 1.42783e+00 1.99890e-08 1.16832e+00
2.20000e+02 1.42160e+00 1.26996e-08 7.25400e-01
2.25000e+02 1.41592e+00 1.15822e-08 6.46871e-01
2.30000e+02 1.41070e+00 1.10101e-08 6.01551e-01
2.35000e+02 1.40636e+00 1.07100e-08 5.72707e-01
2.40000e+02 1.40232e+00 1.04904e-08 5.49274e-01
2.45000e+02 1.39854e+00 9.90353e-09 5.07965e-01
2.50000e+02 1.39499e+00 9.30658e-09 4.67800e-01
2.55000e+02 1.39167e+00 8.60578e-09 4.24092e-01
2.60000e+02 1.38888e+00 7.99448e-09 3.86391e-01
2.65000e+02 1.38624e+00 7.44372e-09 3.52983e-01
2.70000e+02 1.38373e+00 6.85157e-09 3.18887e-01
2.75000e+02 1.38134e+00 6.29202e-09 2.87520e-01
2.80000e+02 1.37907e+00 5.79149e-09 2.59921e-01
2.85000e+02 1.37690e+00 5.40493e-09 2.38317e-01
2.90000e+02 1.37509e+00 4.79502e-09 2.07779e-01
2.95000e+02 1.37310e+00 4.40342e-09 1.87576e-01
3.00000e+02 1.37144e+00 4.14754e-09 1.73732e-01
3.05000e+02 1.36984e+00 3.82640e-09 1.57652e-01
3.10000e+02 1.36829e+00 3.54642e-09 1.43760e-01
3.15000e+02 1.36681e+00 3.32499e-09 1.32645e-01
3.20000e+02 1.36538e+00 3.19000e-09 1.25271e-01
3.25000e+02 1.36399e+00 3.08170e-09 1.19156e-01
3.30000e+02 1.36262e+00 2.98394e-09 1.13628e-01
3.35000e+02 1.36151e+00 2.88264e-09 1.08132e-01
3.40000e+02 1.36044e+00 2.76560e-09 1.02217e-01
3.45000e+02 1.35923e+00 2.65332e-09 9.66453e-02
3.50000e+02 1.35822e+00 2.52808e-09 9.07678e-02
3.55000e+02 1.35725e+00 2.41986e-09 8.56587e-02
3.60000e+02 1.35630e+00 2.31628e-09 8.08533e-02
3.65000e+02 1.35537e+00 2.21712e-09 7.63321e-02
3.70000e+02 1.35447e+00 2.11734e-09 7.19115e-02
3.75000e+02 1.35359e+00 2.03138e-09 6.80720e-02
3.80000e+02 1.35274e+00 1.93995e-09 6.41529e-02
3.85000e+02 1.35205e+00 1.83988e-09 6.00536e-02
3.90000e+02 1.35123e+00 1.76112e-09 5.67460e-02
3.95000e+02 1.35044e+00 1.66261e-09 5.28936e-02
4.00000e+02 1.34979e+00 1.58048e-09 4.96524e-02
4.05000e+02 1.34916e+00 1.48864e-09 4.61897e-02
4.10000e+02 1.34842e+00 1.42164e-09 4.35729e-02
4.15000e+02 1.34781e+00 1.33903e-09 4.05464e-02
4.20000e+02 1.34722e+00 1.25832e-09 3.76488e-02
4.25000e+02 1.34664e+00 1.16893e-09 3.45630e-02
4.30000e+02 1.34607e+00 1.08840e-09 3.18076e-02
4.35000e+02 1.34550e+00 1.01810e-09 2.94111e-02
4.40000e+02 1.34496e+00 9.39269e-10 2.68255e-02
4.45000e+02 1.34442e+00 8.68541e-10 2.45267e-02
4.50000e+02 1.34389e+00 8.08705e-10 2.25833e-02
4.55000e+02 1.34337e+00 7.79453e-10 2.15273e-02
4.60000e+02 1.34286e+00 7.59959e-10 2.07607e-02
4.65000e+02 1.34245e+00 7.49532e-10 2.02557e-02
4.70000e+02 1.34196e+00 7.29105e-10 1.94941e-02
4.75000e+02 1.34147e+00 7.01116e-10 1.85484e-02
4.80000e+02 1.34109e+00 7.09235e-10 1.85677e-02
4.85000e+02 1.34062e+00 7.15797e-10 1.85463e-02
4.90000e+02 1.34025e+00 7.34159e-10 1.88280e-02
4.95000e+02 1.33979e+00 7.84856e-10 1.99248e-02
5.00000e+02 1.33943e+00 9.24251e-10 2.32290e-02
5.05000e+02 1.33907e+00 1.07843e-09 2.68354e-02
5.11000e+02 1.33864e+00 1.26704e-09 3.11587e-02
5.15000e+02 1.33829e+00 1.46147e-09 3.56609e-02
5.20000e+02 1.33794e+00 1.56960e-09 3.79312e-02
5.25000e+02 1.33761e+00 1.63980e-09 3.92501e-02
5.30000e+02 1.33727e+00 1.75707e-09 4.16605e-02
5.35000e+02 1.33694e+00 1.88708e-09 4.43247e-02
5.40000e+02 1.33662e+00 2.09793e-09 4.88210e-02
5.45000e+02 1.33629e+00 2.26877e-09 5.23123e-02
5.50000e+02 1.33597e+00 2.44225e-09 5.58004e-02
5.55000e+02 1.33566e+00 2.65944e-09 6.02153e-02
5.60000e+02 1.33534e+00 2.86939e-09 6.43890e-02
5.65000e+02 1.33503e+00 3.13177e-09 6.96549e-02
5.70000e+02 1.33473e+00 3.43392e-09 7.57051e-02
5.75000e+02 1.33442e+00 3.84406e-09 8.40102e-02
5.79000e+02 1.33420e+00 4.43394e-09 9.62324e-02
5.85000e+02 1.33390e+00 5.22144e-09 1.12162e-01
5.90000e+02 1.33361e+00 6.36488e-09 1.35565e-01
5.96000e+02 1.33332e+00 7.72307e-09 1.62837e-01
6.00000e+02 1.33310e+00 9.63363e-09 2.01766e-01
6.05000e+02 1.33281e+00 1.13185e-08 2.35096e-01
6.10000e+02 1.33260e+00 1.23820e-08 2.55076e-01
6.15000e+02 1.33232e+00 1.32981e-08 2.71722e-01
6.19000e+02 1.33211e+00 1.39891e-08 2.83994e-01
6.25000e+02 1.33183e+00 1.47160e-08 2.95883e-01
6.30000e+02 1.33162e+00 1.50242e-08 2.99681e-01
6.35000e+02 1.33135e+00 1.55164e-08 3.07062e-01
6.40000e+02 1.33114e+00 1.56960e-08 3.08191e-01
6.46000e+02 1.33088e+00 1.60616e-08 3.12441e-01
6.50000e+02 1.33068e+00 1.67413e-08 3.23658e-01
6.55000e+02 1.33049e+00 1.77742e-08 3.41003e-01
6.61000e+02 1.33024e+00 1.93995e-08 3.68806e-01
6.65000e+02 1.33005e+00 2.03138e-08 3.83865e-01
6.70000e+02 1.32987e+00 2.09793e-08 3.93482e-01
6.75000e+02 1.32969e+00 2.17666e-08 4.05225e-01
6.81000e+02 1.32945e+00 2.30033e-08 4.24476e-01
6.85000e+02 1.32928e+00 2.47053e-08 4.53220e-01
6.90000e+02 1.32911e+00 2.65332e-08 4.83227e-01
6.95000e+02 1.32894e+00 2.96340e-08 5.35815e-01
7.00000e+02 1.32877e+00 3.34804e-08 6.01038e-01
7.05000e+02 1.32860e+00 4.10006e-08 7.30821e-01
7.10000e+02 1.32844e+00 4.99793e-08 8.84589e-01
7.14000e+02 1.32828e+00 5.99501e-08 1.05512e+00
7.19000e+02 1.32812e+00 7.29105e-08 1.27430e+00
7.24000e+02 1.32796e+00 9.13672e-08 1.58585e+00
7.29000e+02 1.32781e+00 1.15024e-07 1.98277e+00
7.35000e+02 1.32765e+00 1.34831e-07 2.30522e+00
7.40000e+02 1.32750e+00 1.45811e-07 2.47610e+00
7.45000e+02 1.32735e+00 1.53035e-07 2.58133e+00
7.50000e+02 1.32720e+00 1.55880e-07 2.61179e+00
7.55000e+02 1.32706e+00 1.58048e-07 2.63059e+00
7.60000e+02 1.32691e+00 1.58048e-07 2.61328e+00
7.66000e+02 1.32676e+00 1.56960e-07 2.57496e+00
7.69000e+02 1.32667e+00 1.52633e-07 2.49420e+00
7.74000e+02 1.32652e+00 1.47839e-07 2.40026e+00
7.80000e+02 1.32638e+00 1.40861e-07 2.26937e+00
7.85000e+02 1.32624e+00 1.33903e-07 2.14353e+00
7.91000e+02 1.32610e+00 1.28171e-07 2.03621e+00
7.94000e+02 1.32601e+00 1.25832e-07 1.99150e+00
8.00000e+02 1.32587e+00 1.24965e-07 1.96295e+00
8.05000e+02 1.32574e+00 1.26996e-07 1.98246e+00
8.09000e+02 1.32565e+00 1.32981e-07 2.06563e+00
8.15000e+02 1.32551e+00 1.44807e-07 2.23276e+00
8.20000e+02 1.32538e+00 1.62103e-07 2.48420e+00
8.24000e+02 1.32529e+00 1.81882e-07 2.77379e+00
8.30000e+02 1.32516e+00 2.04075e-07 3.08974e+00
8.36000e+02 1.32502e+00 2.24280e-07 3.37127e+00
8.39000e+02 1.32494e+00 2.45918e-07 3.68331e+00
8.45000e+02 1.32481e+00 2.69023e-07 4.00077e+00
8.49000e+02 1.32472e+00 2.92948e-07 4.33603e+00
8.55000e+02 1.32459e+00 3.15348e-07 4.63483e+00
8.59000e+02 1.32450e+00 3.34804e-07 4.89787e+00
8.65000e+02 1.32437e+00 3.54642e-07 5.15210e+00
8.71000e+02 1.32424e+00 3.74792e-07 5.40732e+00
8.75000e+02 1.32416e+00 3.90652e-07 5.61038e+00
8.79000e+02 1.32407e+00 4.05313e-07 5.79444e+00
8.85000e+02 1.32395e+00 4.23438e-07 6.01252e+00
8.89000e+02 1.32386e+00 4.40342e-07 6.22441e+00
8.95000e+02 1.32373e+00 4.62158e-07 6.48899e+00
8.99000e+02 1.32365e+00 4.86172e-07 6.79580e+00
9.06000e+02 1.32352e+00 5.14980e-07 7.14285e+00
9.10000e+02 1.32343e+00 5.69889e-07 7.86971e+00
9.14000e+02 1.32335e+00 6.69561e-07 9.20564e+00
9.20000e+02 1.32322e+00 8.30405e-07 1.13426e+01
9.25000e+02 1.32314e+00 1.05972e-06 1.43965e+01
9.29000e+02 1.32305e+00 1.36833e-06 1.85091e+01
9.35000e+02 1.32293e+00 1.77088e-06 2.38006e+01
9.40000e+02 1.32284e+00 2.16915e-06 2.89983e+01
9.44000e+02 1.32276e+00 2.55735e-06 3.40430e+01
9.51000e+02 1.32263e+00 2.93218e-06 3.87453e+01
9.55000e+02 1.32255e+00 3.19000e-06 4.19756e+01
9.59000e+02 1.32246e+00 3.35807e-06 4.40029e+01
9.66000e+02 1.32233e+00 3.46410e-06 4.50633e+01
9.71000e+02 1.32225e+00 3.50179e-06 4.53190e+01
9.75000e+02 1.32217e+00 3.48009e-06 4.48534e+01
9.79000e+02 1.32208e+00 3.41814e-06 4.38750e+01
9.84000e+02 1.32199e+00 3.33649e-06 4.26093e+01
9.91000e+02 1.32187e+00 3.25305e-06 4.12502e+01
9.95000e+02 1.32178e+00 3.13105e-06 3.95437e+01
1.00000e+03 1.32170e+00 2.99979e-06 3.76964e+01
1.01000e+03 1.32152e+00 2.68776e-06 3.34410e+01
1.02000e+03 1.32130e+00 2.35229e-06 2.89801e+01
1.03000e+03 1.32113e+00 2.00074e-06 2.44097e+01
1.04000e+03 1.32095e+00 1.69001e-06 2.04205e+01
1.05000e+03 1.32078e+00 1.41935e-06 1.69868e+01
1.06000e+03 1.32060e+00 1.29894e-06 1.53991e+01
1.07000e+03 1.32042e+00 1.25890e-06 1.47848e+01
1.08000e+03 1.32023e+00 1.32859e-06 1.54588e+01
1.09000e+03 1.32005e+00 1.49862e-06 1.72772e+01
1.10000e+03 1.31987e+00 1.70840e-06 1.95167e+01
1.11000e+03 1.31968e+00 2.03840e-06 2.30769e+01
1.12000e+03 1.31949e+00 2.62839e-06 2.94905e+01
1.13000e+03 1.31930e+00 3.86892e-06 4.30251e+01
1.14000e+03 1.31910e+00 5.95100e-06 6.55987e+01
1.15000e+03 1.31891e+00 9.30647e-06 1.01694e+02
1.16000e+03 1.31876e+00 1.06888e-05 1.15793e+02
1.17000e+03 1.31857e+00 1.11952e-05 1.20241e+02
1.18000e+03 1.31837e+00 1.16033e-05 1.23569e+02
1.19000e+03 1.31816e+00 1.18122e-05 1.24736e+02
1.20000e+03 1.31801e+00 1.19950e-05 1.25611e+02
1.21000e+03 1.31780e+00 1.19058e-05 1.23647e+02
1.22000e+03 1.31764e+00 1.17902e-05 1.21442e+02
1.23000e+03 1.31743e+00 1.16025e-05 1.18537e+02
1.24000e+03 1.31726e+00 1.13889e-05 1.15417e+02
1.25000e+03 1.31704e+00 1.10022e-05 1.10606e+02
1.26000e+03 1.31687e+00 1.07907e-05 1.07619e+02
1.27000e+03 1.31665e+00 1.09049e-05 1.07901e+02
1.28000e+03 1.31647e+00 1.13944e-05 1.11864e+02
1.29000e+03 1.31623e+00 1.22115e-05 1.18957e+02
1.30000e+03 1.31605e+00 1.40020e-05 1.35349e+02
1.31000e+03 1.31587e+00 1.63904e-05 1.57228e+02
1.32000e+03 1.31562e+00 1.91201e-05 1.82023e+02
